# Anzahl der Knoten
1000
# Knoten mit Gewichten
0 6.0
1 57.0
2 9.0
3 21.0
4 -9.0
5 29.0
6 -4.0
7 45.0
8 6.0
9 -52.0
10 -23.0
11 -45.0
12 -32.0
13 -18.0
14 -14.0
15 37.0
16 -31.0
17 22.0
18 -21.0
19 37.0
20 -34.0
21 -17.0
22 -45.0
23 -11.0
24 57.0
25 -29.0
26 -30.0
27 -31.0
28 54.0
29 43.0
30 27.0
31 -26.0
32 58.0
33 24.0
34 -12.0
35 8.0
36 44.0
37 38.0
38 31.0
39 38.0
40 -16.0
41 -13.0
42 -31.0
43 -55.0
44 35.0
45 50.0
46 -10.0
47 -8.0
48 38.0
49 20.0
50 -5.0
51 -34.0
52 -42.0
53 -25.0
54 -21.0
55 -23.0
56 -52.0
57 42.0
58 21.0
59 -6.0
60 3.0
61 -8.0
62 36.0
63 0.0
64 -9.0
65 60.0
66 -36.0
67 34.0
68 58.0
69 8.0
70 -11.0
71 -21.0
72 56.0
73 -4.0
74 13.0
75 8.0
76 -9.0
77 26.0
78 -49.0
79 -7.0
80 32.0
81 -28.0
82 -7.0
83 -9.0
84 25.0
85 13.0
86 -7.0
87 57.0
88 11.0
89 -24.0
90 -32.0
91 -3.0
92 -13.0
93 -11.0
94 -38.0
95 -31.0
96 28.0
97 -15.0
98 30.0
99 7.0
100 -9.0
101 -32.0
102 25.0
103 -15.0
104 59.0
105 57.0
106 -7.0
107 56.0
108 54.0
109 10.0
110 52.0
111 -28.0
112 12.0
113 -52.0
114 56.0
115 43.0
116 30.0
117 -11.0
118 -11.0
119 -22.0
120 -51.0
121 -40.0
122 58.0
123 5.0
124 52.0
125 26.0
126 21.0
127 1.0
128 7.0
129 -49.0
130 -27.0
131 60.0
132 30.0
133 22.0
134 -36.0
135 -29.0
136 38.0
137 8.0
138 56.0
139 58.0
140 -18.0
141 53.0
142 21.0
143 1.0
144 -4.0
145 -51.0
146 18.0
147 -2.0
148 9.0
149 47.0
150 -31.0
151 51.0
152 22.0
153 -52.0
154 -9.0
155 50.0
156 -51.0
157 50.0
158 -24.0
159 -50.0
160 -37.0
161 -19.0
162 -38.0
163 -13.0
164 -1.0
165 58.0
166 41.0
167 -7.0
168 51.0
169 26.0
170 42.0
171 -11.0
172 -14.0
173 -55.0
174 60.0
175 -47.0
176 34.0
177 -33.0
178 40.0
179 29.0
180 54.0
181 -9.0
182 54.0
183 33.0
184 38.0
185 46.0
186 -19.0
187 44.0
188 5.0
189 -29.0
190 -53.0
191 54.0
192 -48.0
193 -23.0
194 33.0
195 -13.0
196 -42.0
197 -21.0
198 33.0
199 -24.0
200 12.0
201 39.0
202 4.0
203 53.0
204 41.0
205 60.0
206 35.0
207 -33.0
208 -36.0
209 -22.0
210 -28.0
211 14.0
212 9.0
213 -4.0
214 30.0
215 -1.0
216 -47.0
217 -52.0
218 -22.0
219 24.0
220 18.0
221 -1.0
222 3.0
223 56.0
224 2.0
225 -7.0
226 29.0
227 25.0
228 15.0
229 55.0
230 -32.0
231 39.0
232 31.0
233 -38.0
234 -26.0
235 55.0
236 57.0
237 -17.0
238 -14.0
239 -25.0
240 -4.0
241 6.0
242 54.0
243 -48.0
244 14.0
245 19.0
246 41.0
247 5.0
248 35.0
249 -32.0
250 -22.0
251 -34.0
252 -45.0
253 -41.0
254 52.0
255 -32.0
256 42.0
257 -42.0
258 58.0
259 -41.0
260 42.0
261 -12.0
262 -11.0
263 46.0
264 -46.0
265 -7.0
266 -37.0
267 30.0
268 1.0
269 10.0
270 -26.0
271 57.0
272 -43.0
273 58.0
274 38.0
275 16.0
276 -35.0
277 -24.0
278 7.0
279 -45.0
280 49.0
281 -53.0
282 10.0
283 -36.0
284 8.0
285 -18.0
286 5.0
287 3.0
288 -30.0
289 -37.0
290 41.0
291 -8.0
292 -41.0
293 -37.0
294 -40.0
295 -50.0
296 48.0
297 18.0
298 -36.0
299 -42.0
300 5.0
301 -11.0
302 58.0
303 -18.0
304 46.0
305 -41.0
306 -54.0
307 36.0
308 -14.0
309 -25.0
310 -33.0
311 22.0
312 21.0
313 60.0
314 -30.0
315 60.0
316 -39.0
317 -18.0
318 19.0
319 -4.0
320 -1.0
321 -30.0
322 -10.0
323 -20.0
324 -21.0
325 -49.0
326 50.0
327 -35.0
328 -23.0
329 38.0
330 8.0
331 51.0
332 21.0
333 -41.0
334 -32.0
335 -50.0
336 -35.0
337 41.0
338 17.0
339 15.0
340 -34.0
341 -40.0
342 -19.0
343 1.0
344 56.0
345 -51.0
346 25.0
347 57.0
348 54.0
349 5.0
350 -31.0
351 -8.0
352 -46.0
353 -14.0
354 -44.0
355 -40.0
356 -44.0
357 54.0
358 27.0
359 50.0
360 1.0
361 -27.0
362 48.0
363 -54.0
364 57.0
365 33.0
366 13.0
367 -41.0
368 -39.0
369 44.0
370 57.0
371 -43.0
372 -45.0
373 -41.0
374 50.0
375 -48.0
376 -9.0
377 -8.0
378 27.0
379 60.0
380 -1.0
381 56.0
382 28.0
383 5.0
384 37.0
385 -54.0
386 28.0
387 -33.0
388 27.0
389 38.0
390 -41.0
391 -42.0
392 0.0
393 -33.0
394 -44.0
395 34.0
396 53.0
397 -8.0
398 55.0
399 43.0
400 10.0
401 -16.0
402 -25.0
403 47.0
404 -50.0
405 -53.0
406 -42.0
407 20.0
408 40.0
409 38.0
410 46.0
411 -5.0
412 28.0
413 -17.0
414 32.0
415 -35.0
416 9.0
417 7.0
418 -11.0
419 38.0
420 -19.0
421 41.0
422 32.0
423 55.0
424 -6.0
425 35.0
426 -9.0
427 -44.0
428 -51.0
429 37.0
430 22.0
431 -31.0
432 4.0
433 40.0
434 58.0
435 4.0
436 52.0
437 41.0
438 -44.0
439 -20.0
440 29.0
441 39.0
442 11.0
443 -32.0
444 -42.0
445 54.0
446 56.0
447 -48.0
448 -1.0
449 -35.0
450 0.0
451 -21.0
452 4.0
453 -19.0
454 49.0
455 40.0
456 23.0
457 6.0
458 -7.0
459 46.0
460 22.0
461 43.0
462 -38.0
463 -50.0
464 -33.0
465 -31.0
466 2.0
467 -48.0
468 7.0
469 21.0
470 -35.0
471 -20.0
472 40.0
473 -13.0
474 13.0
475 27.0
476 7.0
477 -23.0
478 -48.0
479 12.0
480 46.0
481 -53.0
482 37.0
483 8.0
484 -14.0
485 -38.0
486 -16.0
487 54.0
488 -17.0
489 -15.0
490 3.0
491 7.0
492 26.0
493 13.0
494 -7.0
495 48.0
496 -49.0
497 -13.0
498 1.0
499 -36.0
500 -31.0
501 35.0
502 -36.0
503 29.0
504 -49.0
505 -15.0
506 -6.0
507 -13.0
508 -16.0
509 -5.0
510 -10.0
511 -5.0
512 37.0
513 15.0
514 51.0
515 48.0
516 45.0
517 58.0
518 -3.0
519 -29.0
520 -38.0
521 -55.0
522 53.0
523 4.0
524 -6.0
525 -34.0
526 -42.0
527 -42.0
528 29.0
529 -2.0
530 -7.0
531 -1.0
532 -35.0
533 10.0
534 6.0
535 50.0
536 9.0
537 58.0
538 6.0
539 16.0
540 38.0
541 -38.0
542 39.0
543 -44.0
544 -54.0
545 -17.0
546 31.0
547 -28.0
548 7.0
549 0.0
550 -26.0
551 -7.0
552 16.0
553 29.0
554 -30.0
555 -25.0
556 -37.0
557 55.0
558 -13.0
559 33.0
560 -49.0
561 14.0
562 -38.0
563 -47.0
564 14.0
565 -49.0
566 30.0
567 55.0
568 17.0
569 -9.0
570 -46.0
571 54.0
572 -33.0
573 40.0
574 38.0
575 -20.0
576 -4.0
577 60.0
578 4.0
579 59.0
580 -25.0
581 3.0
582 32.0
583 60.0
584 50.0
585 12.0
586 -21.0
587 31.0
588 -45.0
589 -12.0
590 -3.0
591 27.0
592 -46.0
593 -21.0
594 -19.0
595 -37.0
596 22.0
597 -1.0
598 49.0
599 -31.0
600 41.0
601 -38.0
602 22.0
603 38.0
604 -35.0
605 58.0
606 49.0
607 -54.0
608 31.0
609 34.0
610 -21.0
611 9.0
612 -7.0
613 12.0
614 -42.0
615 -33.0
616 50.0
617 -51.0
618 -16.0
619 -4.0
620 -8.0
621 5.0
622 -33.0
623 15.0
624 11.0
625 -8.0
626 50.0
627 -8.0
628 56.0
629 -44.0
630 -33.0
631 39.0
632 -12.0
633 -41.0
634 -39.0
635 -33.0
636 54.0
637 -25.0
638 -28.0
639 -54.0
640 31.0
641 -27.0
642 59.0
643 47.0
644 41.0
645 -17.0
646 1.0
647 6.0
648 -31.0
649 -3.0
650 48.0
651 -13.0
652 -27.0
653 18.0
654 -55.0
655 -19.0
656 -4.0
657 26.0
658 32.0
659 60.0
660 8.0
661 -10.0
662 43.0
663 21.0
664 30.0
665 -40.0
666 -28.0
667 -43.0
668 12.0
669 5.0
670 4.0
671 -19.0
672 4.0
673 -12.0
674 -15.0
675 48.0
676 -22.0
677 8.0
678 -32.0
679 33.0
680 16.0
681 12.0
682 -17.0
683 -54.0
684 -39.0
685 14.0
686 -11.0
687 2.0
688 -9.0
689 -15.0
690 55.0
691 -41.0
692 -6.0
693 -1.0
694 -35.0
695 -9.0
696 -53.0
697 47.0
698 54.0
699 12.0
700 18.0
701 22.0
702 1.0
703 -31.0
704 38.0
705 5.0
706 -12.0
707 8.0
708 -50.0
709 18.0
710 13.0
711 57.0
712 13.0
713 -46.0
714 46.0
715 -4.0
716 26.0
717 -6.0
718 49.0
719 13.0
720 30.0
721 -7.0
722 5.0
723 6.0
724 10.0
725 9.0
726 -45.0
727 58.0
728 -45.0
729 58.0
730 20.0
731 21.0
732 -41.0
733 39.0
734 -50.0
735 33.0
736 -47.0
737 54.0
738 -55.0
739 43.0
740 33.0
741 22.0
742 16.0
743 -4.0
744 46.0
745 55.0
746 -51.0
747 -38.0
748 -13.0
749 -22.0
750 25.0
751 34.0
752 11.0
753 -19.0
754 27.0
755 56.0
756 -12.0
757 10.0
758 -50.0
759 13.0
760 2.0
761 43.0
762 9.0
763 48.0
764 -51.0
765 24.0
766 -45.0
767 -22.0
768 1.0
769 -24.0
770 -8.0
771 -22.0
772 13.0
773 45.0
774 34.0
775 33.0
776 -18.0
777 -38.0
778 -37.0
779 -26.0
780 -44.0
781 58.0
782 58.0
783 2.0
784 16.0
785 -9.0
786 24.0
787 -38.0
788 -32.0
789 60.0
790 -39.0
791 -35.0
792 1.0
793 -10.0
794 22.0
795 -17.0
796 35.0
797 -39.0
798 22.0
799 -14.0
800 50.0
801 -53.0
802 20.0
803 -12.0
804 -41.0
805 -52.0
806 -37.0
807 -27.0
808 8.0
809 56.0
810 53.0
811 35.0
812 -23.0
813 54.0
814 11.0
815 -1.0
816 -9.0
817 49.0
818 46.0
819 42.0
820 50.0
821 60.0
822 58.0
823 -4.0
824 6.0
825 45.0
826 -17.0
827 12.0
828 -31.0
829 -31.0
830 -16.0
831 -16.0
832 -8.0
833 18.0
834 10.0
835 18.0
836 -9.0
837 22.0
838 -2.0
839 6.0
840 -10.0
841 -43.0
842 46.0
843 -14.0
844 -26.0
845 -27.0
846 -14.0
847 28.0
848 7.0
849 52.0
850 9.0
851 47.0
852 30.0
853 49.0
854 -23.0
855 52.0
856 -26.0
857 -5.0
858 -29.0
859 30.0
860 -37.0
861 -50.0
862 36.0
863 44.0
864 32.0
865 -9.0
866 -11.0
867 14.0
868 53.0
869 -6.0
870 52.0
871 59.0
872 -17.0
873 -35.0
874 39.0
875 -46.0
876 -17.0
877 -40.0
878 32.0
879 54.0
880 52.0
881 56.0
882 42.0
883 -54.0
884 -7.0
885 21.0
886 39.0
887 -15.0
888 -50.0
889 15.0
890 43.0
891 -10.0
892 49.0
893 50.0
894 -24.0
895 35.0
896 52.0
897 8.0
898 14.0
899 -18.0
900 22.0
901 -53.0
902 -12.0
903 29.0
904 -45.0
905 -36.0
906 51.0
907 11.0
908 -24.0
909 56.0
910 43.0
911 -33.0
912 -38.0
913 52.0
914 25.0
915 13.0
916 -39.0
917 -18.0
918 60.0
919 29.0
920 56.0
921 42.0
922 -50.0
923 26.0
924 23.0
925 34.0
926 -44.0
927 -24.0
928 14.0
929 18.0
930 12.0
931 50.0
932 60.0
933 50.0
934 27.0
935 23.0
936 10.0
937 53.0
938 -33.0
939 57.0
940 33.0
941 26.0
942 -29.0
943 30.0
944 -3.0
945 -42.0
946 41.0
947 -9.0
948 8.0
949 -39.0
950 -29.0
951 46.0
952 34.0
953 -4.0
954 -3.0
955 40.0
956 22.0
957 -34.0
958 -35.0
959 -29.0
960 20.0
961 21.0
962 4.0
963 -8.0
964 -19.0
965 -45.0
966 53.0
967 -55.0
968 -8.0
969 34.0
970 -1.0
971 53.0
972 2.0
973 9.0
974 -44.0
975 16.0
976 45.0
977 -36.0
978 47.0
979 -16.0
980 24.0
981 58.0
982 9.0
983 40.0
984 54.0
985 -40.0
986 11.0
987 48.0
988 60.0
989 45.0
990 59.0
991 41.0
992 -36.0
993 60.0
994 46.0
995 54.0
996 -9.0
997 38.0
998 -43.0
999 15.0
# Kanten
816 300
149 829
283 67
487 115
685 250
677 864
182 368
300 72
777 799
556 735
309 332
32 28
80 584
132 787
959 726
494 213
224 422
80 851
500 737
949 745
367 942
874 80
154 772
871 982
644 177
590 226
884 507
91 66
401 997
100 503
286 500
515 92
456 195
538 387
817 43
855 913
443 199
448 499
741 895
608 272
443 369
538 786
750 191
336 99
242 211
422 725
371 364
894 658
596 412
803 545
486 44
63 452
440 657
526 943
240 255
218 98
315 454
833 57
842 97
684 770
878 446
489 551
421 299
755 820
117 62
169 155
225 873
516 262
450 19
5 317
831 322
590 961
199 463
239 560
838 795
917 858
351 137
662 787
506 411
88 962
686 170
914 209
632 912
923 302
565 513
194 233
156 945
229 431
343 79
446 886
851 834
35 482
262 139
493 360
802 292
771 866
983 495
952 322
677 986
698 370
129 689
789 794
328 604
47 891
786 371
125 517
937 312
174 500
235 772
822 784
659 380
54 516
407 725
178 303
430 998
627 610
48 333
166 458
938 860
92 998
825 877
628 515
23 172
766 502
917 980
633 457
72 357
248 938
919 709
935 544
907 628
93 600
247 852
221 799
379 584
173 608
548 292
522 369
142 599
611 817
516 940
894 900
671 751
496 587
966 990
17 789
765 637
543 650
913 886
530 514
290 425
768 81
298 9
361 382
805 623
573 277
194 219
325 753
497 864
776 726
21 40
199 438
531 792
259 113
252 4
117 187
112 110
654 513
443 579
912 748
861 590
349 217
204 82
791 8
997 82
663 820
883 27
473 242
911 477
120 309
264 397
758 754
764 911
671 271
912 18
855 777
101 620
465 175
524 488
674 777
260 564
333 837
73 280
511 306
478 852
70 526
438 490
142 502
40 412
796 925
353 966
622 134
654 143
587 725
458 557
503 291
781 551
490 480
134 286
738 855
754 854
421 556
822 865
475 840
833 742
299 313
205 296
94 371
128 905
905 412
262 337
95 671
161 594
742 959
403 766
256 766
363 34
549 230
719 36
343 832
521 340
54 244
701 39
365 392
698 962
981 284
519 805
944 621
711 21
761 448
8 830
386 970
337 185
430 814
458 979
384 590
48 190
763 565
329 388
748 453
20 144
437 357
837 632
460 733
848 472
515 932
564 288
896 818
114 714
336 74
622 292
384 418
69 125
732 558
599 997
235 465
552 365
499 150
313 650
337 951
396 900
108 291
712 340
75 13
545 37
443 51
892 41
109 436
113 215
328 541
50 452
339 694
995 849
222 456
835 387
185 106
354 336
476 213
883 184
585 380
580 882
455 752
363 218
313 419
348 615
519 267
8 729
714 754
392 362
493 499
82 300
827 383
827 52
852 354
534 646
380 327
652 58
445 923
228 741
891 960
581 554
872 64
58 266
770 382
189 450
802 311
455 773
839 318
862 169
834 641
144 246
554 686
992 916
547 578
703 924
27 539
332 42
253 692
39 665
362 201
10 736
468 124
449 348
708 103
844 118
623 435
682 662
725 873
544 352
267 934
491 846
817 60
922 166
893 415
352 990
561 957
352 693
875 674
49 267
140 282
636 876
716 904
444 808
420 655
662 807
635 479
320 908
341 939
151 23
856 0
652 927
657 208
119 496
775 664
726 233
822 751
439 729
975 184
213 988
918 689
32 568
357 205
248 45
359 551
690 324
38 184
852 398
385 939
86 473
984 607
281 807
658 757
861 975
330 378
797 664
949 519
286 931
127 304
151 857
84 21
400 743
423 714
697 718
973 960
919 679
2 779
464 741
685 525
308 96
798 766
920 273
233 273
779 239
987 872
141 401
820 682
36 885
94 652
992 1
374 838
58 864
736 872
577 423
567 836
269 984
837 149
223 431
248 513
744 211
727 3
273 151
259 884
571 90
849 379
424 363
286 834
250 577
588 963
11 947
573 371
404 355
29 598
234 664
421 883
518 924
348 17
635 891
401 50
765 109
231 295
57 198
352 684
639 276
149 630
999 40
172 210
507 561
44 55
777 157
709 927
429 50
723 722
604 60
421 612
443 128
504 656
705 856
618 205
506 383
340 608
222 320
711 210
433 690
810 163
588 823
250 734
404 765
284 783
466 220
135 83
259 601
30 719
97 202
4 524
657 827
568 329
342 521
940 1
638 333
48 487
459 83
284 935
437 980
182 399
959 745
465 286
703 489
119 131
481 60
375 545
38 504
34 154
473 964
555 834
178 284
734 757
791 324
995 475
120 880
898 90
569 436
808 821
861 719
643 469
17 301
699 253
655 350
194 370
941 625
821 962
405 373
99 932
270 977
437 377
411 849
167 145
234 676
903 137
655 493
267 771
850 455
887 943
118 500
63 193
292 599
482 723
40 633
704 596
497 129
309 441
31 543
214 475
336 971
891 689
604 977
374 703
570 168
188 919
330 595
377 768
748 32
849 228
633 135
828 798
825 453
713 779
604 586
822 456
477 479
95 781
524 76
677 161
523 673
793 102
331 12
434 166
287 794
946 669
801 153
312 977
284 45
698 48
819 873
800 857
240 409
705 726
598 966
376 199
195 90
303 419
457 396
551 155
332 270
903 551
297 461
483 805
124 817
879 983
426 502
212 677
121 393
553 682
76 791
462 35
596 659
189 110
411 598
307 663
755 268
558 385
631 340
230 347
576 801
816 96
314 375
913 308
368 415
416 588
341 431
416 117
644 739
564 495
963 737
300 315
412 716
319 67
988 806
697 362
551 916
479 980
900 61
248 70
444 811
942 689
305 805
45 747
781 44
484 439
481 900
690 662
71 893
539 198
81 611
283 770
179 435
705 538
734 936
656 980
727 804
882 315
480 498
414 231
590 404
340 581
163 448
590 649
20 433
209 529
453 11
948 956
571 286
977 914
666 575
994 981
345 971
469 801
979 670
74 496
407 540
237 410
42 709
440 451
995 854
499 52
783 997
142 926
287 445
485 405
143 60
749 178
408 9
39 331
512 145
138 703
784 523
614 956
982 515
471 636
644 797
910 840
281 531
870 691
335 544
989 10
981 205
362 138
405 499
798 866
320 555
974 635
721 779
624 262
447 434
867 4
903 253
660 508
522 611
631 648
707 102
194 881
523 867
64 589
880 612
437 677
547 499
741 76
898 618
754 981
966 537
910 212
853 104
69 752
914 437
711 359
843 224
444 410
251 566
648 419
522 635
442 349
634 546
856 898
515 474
437 315
665 865
597 147
556 812
864 276
465 483
422 847
863 903
722 534
708 629
858 981
769 511
782 8
619 537
526 742
452 129
745 471
274 730
491 857
61 499
950 633
247 956
101 65
175 712
189 572
502 818
765 554
742 1
760 96
376 45
448 871
37 487
389 273
583 412
638 87
865 867
103 918
164 31
340 355
331 654
108 549
609 467
698 810
546 289
392 365
839 617
109 246
582 342
721 554
986 463
646 740
142 509
506 772
720 389
290 295
868 776
920 640
605 809
8 654
732 607
32 109
82 836
558 753
616 68
503 224
937 866
380 416
54 368
215 146
251 750
823 621
768 549
241 725
363 884
840 613
67 610
206 938
472 253
563 978
345 163
900 510
494 183
728 108
512 46
232 536
925 498
141 459
768 30
254 836
353 700
825 679
769 308
618 235
209 389
451 433
963 545
723 409
80 404
833 807
804 189
194 750
279 288
930 171
749 931
623 246
648 0
388 541
805 827
309 233
628 36
38 252
876 415
417 235
879 258
168 129
737 870
79 677
607 818
670 45
878 12
886 306
385 569
977 277
287 880
31 707
595 490
934 341
942 396
841 147
747 280
156 619
337 281
111 212
646 446
98 991
698 225
680 912
298 855
831 666
614 834
407 441
573 478
536 460
464 234
257 778
300 672
318 283
539 430
82 331
357 573
741 155
811 105
128 273
957 114
911 177
332 411
165 603
394 538
503 831
729 23
801 375
58 672
358 292
799 980
727 323
139 335
385 608
192 541
683 908
760 802
272 676
736 450
283 602
186 172
744 376
475 444
787 498
69 489
843 739
485 948
886 19
151 603
603 583
336 309
980 113
477 647
923 722
570 910
534 925
678 621
966 638
421 601
164 483
749 371
829 418
717 239
112 563
923 755
229 239
653 305
521 33
403 344
431 572
27 872
641 605
196 629
663 162
735 950
759 211
346 230
861 512
527 874
293 876
814 365
887 664
302 777
754 819
201 862
157 408
281 768
498 753
901 908
819 347
265 530
337 641
941 18
811 437
700 928
260 725
15 818
688 179
123 92
232 471
948 576
957 149
337 25
785 441
980 593
611 39
773 277
444 190
806 234
234 200
950 654
88 698
73 190
708 507
915 766
538 841
445 348
895 457
567 853
137 949
407 692
821 523
881 704
600 171
231 942
42 769
10 519
120 325
970 108
562 863
938 790
564 150
544 458
384 482
772 750
147 120
694 597
391 151
581 513
522 889
261 690
789 604
425 489
567 290
330 498
171 653
542 178
743 511
932 36
694 369
639 539
305 914
689 491
801 443
970 376
616 240
329 372
353 561
355 275
717 922
361 626
8 960
910 407
899 806
322 906
547 150
33 588
698 259
728 951
980 806
552 278
892 160
659 510
296 616
599 902
458 749
601 379
457 215
867 199
456 185
681 818
109 745
457 810
245 355
242 479
70 770
934 746
957 16
498 319
161 561
133 168
511 107
71 877
887 41
573 889
206 72
770 454
534 121
824 195
932 369
383 45
896 445
901 620
482 218
119 944
939 611
38 492
890 764
54 169
416 343
435 821
470 325
605 422
421 440
917 514
878 206
560 9
803 600
412 285
741 140
281 224
840 336
570 295
748 528
387 462
542 217
197 652
702 839
993 24
586 444
697 612
731 42
277 193
813 355
532 436
837 663
305 159
287 654
392 547
302 174
169 660
47 807
13 885
423 245
766 726
60 230
996 115
506 789
989 47
632 950
500 81
474 170
766 678
920 374
273 831
366 983
518 60
629 913
672 32
986 376
477 687
557 550
357 262
589 790
713 19
483 208
429 4
652 479
801 172
59 887
692 203
822 203
578 189
735 222
377 918
573 872
542 460
540 971
125 998
123 735
720 179
501 379
839 838
739 748
265 657
8 243
234 104
380 586
518 735
724 239
501 678
970 805
96 596
921 487
123 418
389 974
75 833
808 293
425 222
935 267
575 613
287 72
123 213
890 156
530 546
942 356
527 760
560 286
532 503
60 672
512 626
729 132
865 140
739 903
524 645
272 665
635 449
632 663
758 58
726 136
61 167
484 853
109 157
22 629
801 53
302 223
931 270
624 569
435 261
78 280
807 602
151 9
676 500
459 888
948 711
634 23
888 70
590 362
543 172
406 416
880 815
901 188
589 847
314 148
153 515
825 618
195 205
730 98
419 31
936 739
372 21
421 513
738 421
484 866
766 653
591 968
233 748
402 39
869 92
944 703
410 382
196 459
175 574
74 771
607 232
143 96
351 452
495 110
900 782
374 238
122 761
521 109
883 508
725 527
564 125
184 568
391 270
855 5
180 374
312 70
241 225
913 422
148 706
864 750
454 944
148 471
362 966
508 862
110 448
79 365
106 307
843 352
303 52
682 502
514 116
634 305
648 58
524 606
364 569
600 640
967 323
446 138
111 287
160 525
219 79
582 81
102 845
26 863
75 759
774 158
888 856
370 756
877 241
706 584
310 904
607 726
799 800
53 474
168 281
221 896
340 555
497 955
436 645
498 352
441 231
190 427
910 209
768 144
937 948
403 584
389 686
567 414
39 62
974 358
963 512
186 639
135 555
946 470
144 281
549 949
676 95
176 183
952 903
843 642
467 559
50 705
679 670
621 605
841 165
562 109
4 0
273 737
210 693
752 325
299 904
992 16
189 251
527 933
549 508
567 265
501 863
990 470
334 694
768 160
24 966
723 231
696 916
433 108
224 80
227 295
773 193
43 376
630 728
83 988
240 417
932 234
610 536
746 871
685 616
662 671
651 34
748 621
381 308
351 261
565 328
137 984
91 254
239 680
646 252
331 612
193 781
748 853
73 928
612 66
748 420
401 434
260 488
542 529
43 23
138 212
217 443
113 688
92 689
202 783
632 679
825 501
367 377
502 546
811 241
326 953
258 88
600 865
488 456
610 937
387 837
196 561
35 516
621 134
177 561
470 895
314 943
484 694
515 212
434 857
151 915
614 930
207 230
786 267
226 915
982 334
909 454
300 260
284 640
492 628
233 559
98 878
828 294
524 128
877 222
696 682
62 4
342 133
916 149
241 529
391 848
596 943
128 507
514 916
403 529
87 136
941 602
821 949
24 987
762 780
484 735
424 804
920 342
436 668
961 846
692 427
154 855
914 726
589 555
582 490
937 670
900 667
773 2
361 676
547 894
148 128
392 776
506 360
972 537
194 909
405 480
547 857
249 777
538 377
859 855
928 294
373 327
260 965
688 536
349 515
527 664
627 852
683 832
206 606
642 811
975 202
105 907
198 67
124 301
363 634
763 590
265 528
72 845
559 509
438 371
169 273
196 720
815 674
690 16
77 150
996 398
435 929
244 143
789 192
332 427
653 895
917 336
679 744
34 647
790 517
800 907
653 880
194 335
857 512
543 903
581 23
503 609
901 907
423 669
608 185
833 396
968 368
960 133
11 613
434 934
775 939
574 400
617 382
336 91
263 560
626 997
167 307
510 301
463 223
874 588
927 959
530 831
4 231
788 950
86 697
552 448
171 232
583 107
557 716
542 582
378 976
651 730
500 736
767 105
344 703
780 5
234 935
664 364
753 395
858 682
406 138
149 15
235 124
140 675
954 634
141 480
379 193
513 695
922 399
970 37
64 673
117 879
1 732
882 707
575 275
346 153
925 201
785 3
54 775
652 680
198 311
637 999
505 842
204 179
531 504
384 585
512 198
654 170
613 317
777 581
358 24
755 116
577 573
731 322
11 384
248 395
970 509
173 205
363 597
205 166
333 378
985 318
638 310
415 694
204 241
277 321
662 530
310 250
748 224
900 966
396 353
80 19
863 106
766 401
395 96
788 800
626 239
852 651
763 81
447 36
591 713
21 39
575 184
563 163
573 544
76 470
792 888
91 681
915 103
607 508
104 716
480 386
313 117
777 473
735 550
591 867
343 525
753 392
250 116
553 392
331 46
218 915
615 862
249 435
920 388
529 685
362 337
602 460
354 469
122 822
307 959
407 91
939 893
627 347
509 956
344 167
824 826
158 924
649 187
780 499
116 665
3 940
337 807
729 180
852 567
188 444
757 122
549 309
842 313
432 953
170 305
793 883
763 868
673 969
205 510
697 552
425 61
910 594
565 13
230 940
433 339
458 235
503 288
396 744
502 240
139 264
951 35
12 625
612 276
643 530
502 449
43 435
286 522
538 509
414 45
728 755
864 64
978 561
487 441
114 852
278 179
353 186
870 218
136 411
515 737
123 936
49 426
343 683
283 414
278 560
316 261
872 106
665 376
276 640
559 372
896 481
281 522
325 398
541 734
862 416
600 133
42 290
191 762
688 224
519 690
3 0
71 222
334 167
573 329
217 0
93 539
725 176
73 317
173 893
182 126
837 745
211 622
735 9
872 585
188 451
12 653
152 95
543 528
345 509
770 260
609 943
835 204
74 408
661 892
961 742
304 747
806 732
605 20
947 51
636 758
211 451
761 497
342 420
197 978
858 161
889 697
899 855
592 64
206 346
37 534
394 25
555 381
1 339
556 33
830 691
92 883
151 936
750 300
364 863
791 414
616 781
546 751
640 895
540 87
410 317
873 348
48 671
878 388
909 222
521 948
407 510
678 526
957 82
875 192
347 89
990 874
156 24
806 655
95 304
919 513
229 809
594 559
674 383
819 24
346 732
173 940
110 406
435 528
535 994
785 259
899 609
987 903
501 938
715 994
401 633
801 13
0 542
302 276
665 177
521 352
82 613
398 538
781 818
236 465
117 471
574 637
731 711
340 549
236 732
235 774
566 442
90 532
851 629
318 966
284 149
961 405
978 841
534 390
129 962
784 649
959 937
787 352
659 764
443 595
969 613
76 284
541 139
58 287
397 877
178 444
508 636
409 951
389 16
899 264
581 902
382 895
572 585
184 546
748 143
983 563
27 877
168 771
150 445
273 924
279 486
635 181
881 357
274 30
920 203
495 815
359 247
400 989
724 926
510 485
630 840
551 707
66 821
349 533
626 87
672 131
696 657
887 234
658 273
28 650
974 162
73 285
935 917
573 985
512 8
419 783
113 88
37 556
768 900
749 752
73 873
253 566
569 213
352 315
735 958
743 555
741 275
296 32
350 838
165 908
984 736
857 945
411 965
160 838
530 730
871 733
538 460
849 387
377 906
660 184
114 230
556 992
901 160
582 73
355 556
344 285
283 477
143 594
615 866
472 321
851 623
971 668
942 207
429 723
393 721
893 25
968 753
433 714
927 824
26 239
808 622
574 150
274 527
116 172
987 956
893 972
177 820
57 333
845 394
719 742
609 265
114 141
420 733
712 441
83 740
708 252
738 669
919 733
380 343
298 309
431 717
407 33
284 256
513 623
214 6
585 44
576 842
834 421
387 924
559 397
352 539
924 719
51 640
507 308
746 76
424 454
493 940
830 710
205 260
243 323
193 410
721 37
871 453
15 641
40 390
440 541
815 781
650 831
59 255
834 881
611 806
214 175
890 962
578 716
228 623
831 570
263 214
657 560
557 257
832 697
881 273
954 339
503 722
846 669
250 314
460 660
168 542
67 696
680 197
899 499
432 65
381 618
616 875
216 726
27 110
213 837
590 727
229 757
777 11
689 665
983 162
545 895
705 218
369 56
631 71
106 778
921 698
605 611
547 392
894 151
392 28
230 428
720 983
296 964
717 527
33 906
258 454
314 801
229 701
719 953
383 624
645 475
825 867
40 511
529 309
946 419
325 492
475 959
999 586
485 632
498 543
719 530
252 622
125 329
773 548
862 433
983 134
726 12
293 307
596 700
673 251
230 618
521 605
452 807
794 623
723 472
16 25
804 95
13 947
100 704
160 481
364 897
119 731
227 86
968 682
171 147
500 616
969 804
165 472
649 929
882 726
234 398
425 103
558 282
996 716
493 118
7 147
402 401
888 855
558 593
816 121
643 708
633 119
451 304
1 51
771 408
142 607
378 288
970 369
935 587
66 833
162 267
417 658
672 816
258 952
725 932
293 911
110 55
409 13
29 951
28 537
736 979
167 523
347 831
854 573
101 162
726 443
489 814
519 751
319 440
372 320
570 777
416 268
810 820
500 172
189 545
271 47
913 961
653 505
398 147
67 629
746 510
121 305
764 696
0 625
933 383
15 31
532 998
153 569
273 146
289 171
484 854
777 95
887 27
703 434
617 396
929 912
164 793
570 651
34 586
269 408
324 414
378 235
882 508
567 421
706 371
33 738
762 685
387 656
920 505
597 732
461 937
945 959
477 985
266 866
19 890