# Anzahl der Knoten
200
# Knoten mit Gewichten
0 28.0
1 -8.0
2 -35.0
3 -11.0
4 18.0
5 -32.0
6 -19.0
7 45.0
8 -41.0
9 6.0
10 -31.0
11 10.0
12 -19.0
13 50.0
14 -5.0
15 6.0
16 -36.0
17 3.0
18 -19.0
19 11.0
20 50.0
21 18.0
22 3.0
23 24.0
24 -42.0
25 39.0
26 11.0
27 -11.0
28 15.0
29 -23.0
30 -16.0
31 25.0
32 37.0
33 43.0
34 -40.0
35 -24.0
36 39.0
37 9.0
38 15.0
39 2.0
40 27.0
41 -28.0
42 -13.0
43 -13.0
44 5.0
45 7.0
46 -17.0
47 16.0
48 -2.0
49 38.0
50 40.0
51 -1.0
52 9.0
53 -37.0
54 -20.0
55 3.0
56 -14.0
57 37.0
58 30.0
59 24.0
60 23.0
61 -11.0
62 36.0
63 -45.0
64 47.0
65 25.0
66 3.0
67 33.0
68 -10.0
69 24.0
70 23.0
71 20.0
72 -8.0
73 26.0
74 -44.0
75 -19.0
76 -26.0
77 29.0
78 -16.0
79 -27.0
80 -41.0
81 -34.0
82 -6.0
83 -4.0
84 24.0
85 -22.0
86 -41.0
87 -10.0
88 -40.0
89 -44.0
90 13.0
91 12.0
92 -21.0
93 17.0
94 -19.0
95 19.0
96 -34.0
97 -22.0
98 39.0
99 -2.0
100 42.0
101 -29.0
102 18.0
103 -25.0
104 50.0
105 -24.0
106 -15.0
107 38.0
108 -10.0
109 22.0
110 32.0
111 41.0
112 -2.0
113 50.0
114 -11.0
115 -4.0
116 48.0
117 -5.0
118 -12.0
119 -18.0
120 -7.0
121 -6.0
122 -44.0
123 29.0
124 25.0
125 -14.0
126 22.0
127 9.0
128 37.0
129 0.0
130 -8.0
131 -23.0
132 -33.0
133 32.0
134 -13.0
135 21.0
136 -33.0
137 -39.0
138 -43.0
139 -42.0
140 40.0
141 -6.0
142 -13.0
143 -10.0
144 19.0
145 47.0
146 3.0
147 -8.0
148 47.0
149 -45.0
150 -23.0
151 45.0
152 13.0
153 36.0
154 14.0
155 -16.0
156 21.0
157 49.0
158 44.0
159 1.0
160 -23.0
161 -8.0
162 45.0
163 6.0
164 35.0
165 -33.0
166 49.0
167 -43.0
168 38.0
169 19.0
170 28.0
171 -14.0
172 -45.0
173 5.0
174 16.0
175 27.0
176 0.0
177 -17.0
178 18.0
179 -38.0
180 30.0
181 23.0
182 44.0
183 -17.0
184 -40.0
185 -15.0
186 37.0
187 16.0
188 16.0
189 12.0
190 24.0
191 25.0
192 47.0
193 9.0
194 21.0
195 9.0
196 -38.0
197 48.0
198 -9.0
199 27.0
# Kanten
79 141
2 59
119 49
191 7
137 70
76 129
115 52
98 11
4 190
69 111
83 104
193 64
135 76
95 180
175 101
80 137
171 67
49 46
26 137
183 180
197 195
124 132
188 91
168 151
3 156
112 180
143 68
88 37
148 91
119 33
133 1
159 25
144 72
59 106
5 17
156 34
185 89
44 150
134 29
63 11
13 75
86 20
103 43
78 36
64 23
57 140
197 103
36 159
159 151
24 123
113 37
172 131
7 29
99 3
167 80
10 108
188 125
61 9
72 174
75 57
146 150
143 117
1 177
112 124
104 181
195 126
186 192
191 46
71 186
105 27
80 196
42 192
191 137
198 171
11 108
107 66
128 38
96 25
148 105
128 34
11 121
96 91
36 26
194 7
183 22
88 194
77 72
95 160
15 130
135 85
46 3
98 74
195 5
27 175
185 134
58 92
143 85
50 40
96 149
115 164
96 113
149 140
44 48
33 45
21 10
69 98
112 119
130 59
130 49
13 131
124 53
65 130
102 142
91 8
40 114
118 60
167 57
104 44
189 3
109 85
165 146
98 118
149 128
148 112
60 65
106 136
198 124
176 8
94 54
30 138
163 152
73 191
54 91
8 184
91 73
193 115
22 53
13 15
48 37
97 43
66 135
151 108
129 58
148 102
115 70
123 22
145 55
162 173
101 174
140 143
149 80
71 172
73 51
110 159
58 95
57 174
123 97
19 193
69 118
45 70
189 173
106 75
0 125
99 158
43 194
27 130
4 162
125 99
85 189
69 172
34 60
108 55
192 89
32 157
113 112
3 102
165 12
99 163
123 180
194 2
104 167
183 169
71 167
5 39
155 146
82 32
73 38
194 111
129 174
189 185
61 192
55 95
83 58
70 4
25 128
70 38
199 172
7 117
94 103
93 1
142 45
60 102
77 9
10 149
59 159
95 113
38 47
171 7
8 195
103 1
10 111
51 139
172 54
103 44
155 94
94 96
186 8
112 123
36 113
127 8
120 20
118 11
35 196
58 75
36 117
159 152
131 53
5 89
114 14
29 14
126 84
156 199
63 144
103 134
156 139
103 31
30 135
101 143
76 50
183 83
0 44
67 91
111 156
147 151
6 69
73 72
11 23
45 2
18 99
158 48
161 143
38 89
150 19
121 162
191 3
78 124
67 22
14 151
47 134
85 111
187 169
135 190
54 87
149 178
183 93
176 160
190 2
29 73
106 152
170 116
29 37
112 181
109 122
137 116
43 68
44 185
169 9
86 111
80 5
43 134
32 38
54 133
3 20
189 103
92 150
65 182
84 193
196 118
166 90
28 99
156 21
55 165
192 55
87 75
87 57
40 22
67 110
79 96
49 23
38 148
67 164
45 31
102 63
179 7
174 172
70 107
184 11
159 28
0 177
57 187
197 115
59 171
26 92
100 135
118 154
135 151
118 12
175 63
73 22
53 169
69 153
103 109
80 108
35 21
129 143
5 174
144 162
197 156
44 170
85 68
188 76
49 136
39 20
111 39
111 72
49 99
187 152
97 135
181 169
172 9
156 67
98 28
178 144
190 193
120 198
193 39
81 6
19 104
181 13
196 14
103 59
40 6
160 59
2 179
165 138
98 62
47 156
161 37
66 51
77 50
192 1
8 86
175 48
62 134
168 87
167 172
25 24
105 8
157 0
98 25
34 111
148 134
43 193
74 82
88 132
10 0
123 107
140 179
124 25
65 82
184 10
183 57
164 23
165 139
40 72
58 55
66 104
99 121
145 195
76 138
76 187
46 130
177 147
186 77
66 179
61 52
181 150
29 78
162 0
179 39
75 107
41 47
159 20
134 197
119 50
96 110
174 103
17 73
186 155
37 141
24 172
186 125
111 178
113 3
170 18
84 194
92 41
65 104
192 148
78 148
135 182
53 29
78 154
26 4
78 1
138 18
165 189
183 124
190 39
66 126
92 127
88 6
85 146
39 59
157 96
194 174
192 118
60 23
132 98
122 43