# Anzahl der Knoten
250
# Knoten mit Gewichten
0 46.0
1 -30.0
2 27.0
3 -32.0
4 17.0
5 46.0
6 -39.0
7 2.0
8 -39.0
9 43.0
10 2.0
11 45.0
12 13.0
13 23.0
14 -23.0
15 50.0
16 4.0
17 26.0
18 41.0
19 25.0
20 29.0
21 -23.0
22 50.0
23 -2.0
24 16.0
25 42.0
26 33.0
27 -6.0
28 35.0
29 -39.0
30 -13.0
31 36.0
32 34.0
33 10.0
34 -37.0
35 23.0
36 9.0
37 49.0
38 -14.0
39 22.0
40 36.0
41 31.0
42 -18.0
43 45.0
44 -7.0
45 -19.0
46 -9.0
47 -7.0
48 36.0
49 -34.0
50 -43.0
51 43.0
52 3.0
53 -33.0
54 14.0
55 -23.0
56 -45.0
57 19.0
58 15.0
59 -42.0
60 -5.0
61 -19.0
62 8.0
63 20.0
64 7.0
65 -36.0
66 -3.0
67 38.0
68 -40.0
69 46.0
70 -37.0
71 26.0
72 -6.0
73 -18.0
74 40.0
75 39.0
76 -42.0
77 16.0
78 -3.0
79 20.0
80 9.0
81 48.0
82 -40.0
83 25.0
84 -11.0
85 -43.0
86 -19.0
87 10.0
88 -42.0
89 -5.0
90 -34.0
91 49.0
92 -40.0
93 17.0
94 43.0
95 -5.0
96 -25.0
97 0.0
98 43.0
99 -10.0
100 6.0
101 14.0
102 27.0
103 24.0
104 36.0
105 2.0
106 -42.0
107 -28.0
108 44.0
109 8.0
110 -26.0
111 9.0
112 -35.0
113 -41.0
114 -7.0
115 12.0
116 -39.0
117 18.0
118 -8.0
119 -25.0
120 1.0
121 12.0
122 -43.0
123 -14.0
124 33.0
125 15.0
126 -29.0
127 1.0
128 40.0
129 -34.0
130 42.0
131 -18.0
132 -37.0
133 -7.0
134 26.0
135 24.0
136 -21.0
137 -31.0
138 -32.0
139 -21.0
140 4.0
141 -35.0
142 -9.0
143 -30.0
144 6.0
145 -3.0
146 -31.0
147 11.0
148 25.0
149 29.0
150 -41.0
151 -22.0
152 29.0
153 44.0
154 -3.0
155 1.0
156 -32.0
157 45.0
158 -40.0
159 15.0
160 -12.0
161 29.0
162 4.0
163 -10.0
164 -32.0
165 23.0
166 -30.0
167 -31.0
168 -43.0
169 -12.0
170 15.0
171 37.0
172 4.0
173 23.0
174 27.0
175 -25.0
176 -18.0
177 8.0
178 -40.0
179 -2.0
180 -36.0
181 31.0
182 17.0
183 -5.0
184 48.0
185 -28.0
186 29.0
187 7.0
188 -4.0
189 -44.0
190 -12.0
191 11.0
192 50.0
193 7.0
194 33.0
195 -42.0
196 27.0
197 -17.0
198 -7.0
199 -38.0
200 12.0
201 -29.0
202 11.0
203 -8.0
204 -43.0
205 -2.0
206 24.0
207 -34.0
208 -36.0
209 33.0
210 37.0
211 46.0
212 42.0
213 32.0
214 -18.0
215 0.0
216 4.0
217 28.0
218 30.0
219 43.0
220 29.0
221 -20.0
222 28.0
223 32.0
224 41.0
225 2.0
226 -24.0
227 23.0
228 -11.0
229 11.0
230 -25.0
231 46.0
232 -42.0
233 -42.0
234 27.0
235 14.0
236 -32.0
237 -7.0
238 22.0
239 17.0
240 -40.0
241 -16.0
242 -16.0
243 2.0
244 11.0
245 40.0
246 23.0
247 3.0
248 31.0
249 -36.0
# Kanten
148 234
26 106
42 224
154 222
67 37
248 48
100 51
78 236
135 42
68 80
45 80
44 246
127 151
158 57
205 155
174 240
154 62
243 53
142 221
136 114
179 144
2 109
101 73
106 148
92 36
82 105
201 82
14 133
80 181
25 223
209 40
192 89
89 171
205 222
51 87
62 233
208 112
60 91
190 103
249 132
92 235
148 55
132 231
172 207
231 206
247 133
229 165
134 238
14 120
228 87
34 169
50 111
30 58
81 133
211 139
198 232
34 221
33 157
151 105
31 144
161 177
34 46
201 127
219 23
149 246
210 93
183 26
202 153
142 90
92 95
209 57
165 58
137 100
68 91
76 192
31 40
71 145
196 170
102 203
117 132
52 177
149 224
41 92
87 97
219 165
205 105
95 248
42 144
117 44
133 91
229 159
81 77
90 220
143 21
184 42
193 123
7 143
125 145
212 33
237 69
56 13
129 226
212 229
169 107
43 34
27 76
229 135
73 77
218 24
118 46
224 26
47 191
136 148
69 64
76 122
117 83
144 217
120 96
19 211
138 187
107 133
24 236
196 142
80 193
130 25
193 216
22 215
192 117
6 221
205 153
33 148
157 218
94 112
70 17
158 48
185 240
179 124
88 246
63 113
174 234
106 234
8 219
133 80
176 87
18 26
147 91
241 25
40 211
141 100
167 62
98 94
84 227
50 211
229 38
249 229
74 113
140 207
103 51
174 0
194 139
19 199
69 42
151 114
126 168
194 160
217 78
65 96
22 245
103 52
3 8
198 64
55 94
75 62
14 104
231 106
156 145
31 224
213 155
236 184
227 47
72 67
72 111
79 191
149 14
160 154
120 77
166 85
248 61
150 247
195 60
216 150
243 150
161 130
186 86
227 219
136 158
233 137
220 211
161 35
185 102
68 115
125 7
72 71
43 201
150 140
34 48
45 17
194 25
159 223
128 132
94 198
6 20
177 164
112 123
216 200
51 223
222 14
127 170
111 196
38 228
176 213
145 214
103 246
71 23
174 193
2 208
61 4
166 122
114 46
233 180
3 118
234 225
0 169
213 129
96 174
243 205
232 166
210 225
107 72
66 144
134 233
228 246
90 196
209 96
159 128
249 36
135 24
191 196
178 97
97 8
67 165
117 28
36 176
87 176
60 161
21 174
117 135
199 196
101 40
47 113
240 246
148 4
101 204
130 211
166 234
55 7
190 136
110 61
56 138
189 227
23 129
75 153
70 39
80 50
142 246
9 95
120 79
132 191
45 51
35 69
0 110
2 103
113 122
170 190
99 140
172 53
52 53
96 168
99 228
157 70
30 219
73 44
218 47
96 102
94 239
174 91
104 224
117 233
126 163
77 51
212 220
155 41
58 109
16 80
137 165
218 155
43 155
53 234
244 249
116 147
227 180
161 159
138 55
242 222
172 98
175 19
196 91
188 107
127 17
135 217
88 25
213 76
44 103
110 120
127 245
20 88
101 132
196 101
18 190
222 53
90 126
176 168
200 92
216 42
67 143
167 144
76 205
91 96
201 217
144 242
66 57
244 151
76 216
237 178
115 24
122 209
89 147
56 78
114 184
192 27
9 229
94 18
225 70
116 20
154 7
22 173
228 37
127 66
163 75
9 15
126 70
170 100
38 40
173 29
187 182
78 74
5 227
112 108
9 246
204 52
144 172
68 82
214 170
94 74
187 17
109 89
15 231
9 151
196 181
235 121
10 15
39 152
185 229
8 33
240 3
86 165
143 184
94 10
180 178
113 110
156 51
67 3
169 181
71 223
140 143
184 191
213 218
165 236
7 30
74 91
199 191
163 160
9 0
167 124
212 138
73 190
0 7
204 18
10 199
177 41
222 20
232 38
124 213
131 114
33 160
106 9
115 247
196 115
110 84
147 70
148 49
27 160
141 151
63 92
90 219
76 71
130 106
135 105
55 5
76 155
135 171
215 208
216 31
135 170
236 78
151 140
43 229
181 125
155 17
13 94
245 223
155 110
185 216
138 46
17 8
9 2
57 46
13 38
146 236
55 46
224 203
105 52
93 130
61 54
182 128
199 69
245 98
175 33
22 154
26 179
2 216
80 111
68 96
121 10
12 196
169 238
204 111
172 236
53 59
210 140
176 9
2 27
37 140
71 224
75 188
146 16
186 246
99 19
91 45
236 61