# Anzahl der Knoten
500
# Knoten mit Gewichten
0 0.0
1 -8.0
2 -8.0
3 46.0
4 32.0
5 32.0
6 42.0
7 -8.0
8 -5.0
9 -2.0
10 1.0
11 40.0
12 -14.0
13 35.0
14 -43.0
15 29.0
16 24.0
17 4.0
18 27.0
19 19.0
20 40.0
21 30.0
22 11.0
23 -26.0
24 -36.0
25 -40.0
26 33.0
27 27.0
28 -37.0
29 -24.0
30 9.0
31 27.0
32 50.0
33 -8.0
34 21.0
35 33.0
36 6.0
37 10.0
38 17.0
39 -10.0
40 -23.0
41 -38.0
42 -7.0
43 -38.0
44 44.0
45 3.0
46 -23.0
47 6.0
48 20.0
49 37.0
50 -12.0
51 16.0
52 -16.0
53 -26.0
54 -39.0
55 47.0
56 9.0
57 22.0
58 -45.0
59 -32.0
60 -6.0
61 -9.0
62 48.0
63 -24.0
64 3.0
65 -4.0
66 37.0
67 27.0
68 -39.0
69 -15.0
70 32.0
71 -36.0
72 0.0
73 -36.0
74 30.0
75 37.0
76 27.0
77 35.0
78 -2.0
79 -22.0
80 35.0
81 14.0
82 -11.0
83 25.0
84 -9.0
85 14.0
86 3.0
87 -28.0
88 19.0
89 30.0
90 38.0
91 -29.0
92 4.0
93 41.0
94 45.0
95 -13.0
96 -38.0
97 -19.0
98 16.0
99 36.0
100 -1.0
101 -34.0
102 31.0
103 18.0
104 7.0
105 13.0
106 -8.0
107 17.0
108 9.0
109 10.0
110 29.0
111 -17.0
112 -19.0
113 8.0
114 5.0
115 -12.0
116 38.0
117 33.0
118 49.0
119 13.0
120 2.0
121 25.0
122 2.0
123 -22.0
124 -1.0
125 -25.0
126 41.0
127 -28.0
128 32.0
129 49.0
130 -1.0
131 -29.0
132 32.0
133 24.0
134 -10.0
135 31.0
136 7.0
137 -44.0
138 -17.0
139 38.0
140 -5.0
141 33.0
142 46.0
143 -3.0
144 -39.0
145 -6.0
146 11.0
147 -22.0
148 36.0
149 36.0
150 -21.0
151 17.0
152 -35.0
153 15.0
154 -18.0
155 30.0
156 19.0
157 -8.0
158 -22.0
159 3.0
160 29.0
161 -14.0
162 -8.0
163 2.0
164 38.0
165 39.0
166 13.0
167 -19.0
168 7.0
169 -38.0
170 -20.0
171 43.0
172 -36.0
173 46.0
174 -7.0
175 30.0
176 16.0
177 12.0
178 17.0
179 35.0
180 26.0
181 33.0
182 -7.0
183 -6.0
184 44.0
185 -26.0
186 -44.0
187 7.0
188 9.0
189 -28.0
190 -7.0
191 -9.0
192 -40.0
193 -40.0
194 4.0
195 7.0
196 22.0
197 -13.0
198 12.0
199 2.0
200 48.0
201 -27.0
202 -11.0
203 -23.0
204 -15.0
205 27.0
206 -25.0
207 -8.0
208 25.0
209 -25.0
210 -34.0
211 7.0
212 -17.0
213 -1.0
214 3.0
215 46.0
216 -8.0
217 -24.0
218 -37.0
219 12.0
220 -23.0
221 -12.0
222 31.0
223 42.0
224 -39.0
225 9.0
226 44.0
227 -5.0
228 26.0
229 5.0
230 27.0
231 -25.0
232 42.0
233 -33.0
234 20.0
235 40.0
236 -27.0
237 16.0
238 -34.0
239 20.0
240 -3.0
241 -15.0
242 -38.0
243 29.0
244 12.0
245 -26.0
246 -15.0
247 22.0
248 -23.0
249 28.0
250 -21.0
251 -41.0
252 -38.0
253 15.0
254 -30.0
255 2.0
256 41.0
257 -17.0
258 -42.0
259 38.0
260 -6.0
261 4.0
262 -30.0
263 4.0
264 28.0
265 -16.0
266 47.0
267 16.0
268 -34.0
269 19.0
270 40.0
271 -38.0
272 -29.0
273 -43.0
274 -19.0
275 46.0
276 -7.0
277 -33.0
278 12.0
279 25.0
280 7.0
281 11.0
282 -20.0
283 14.0
284 5.0
285 -35.0
286 44.0
287 8.0
288 48.0
289 18.0
290 44.0
291 16.0
292 -2.0
293 25.0
294 -22.0
295 -32.0
296 14.0
297 30.0
298 48.0
299 -23.0
300 -28.0
301 -18.0
302 11.0
303 50.0
304 -12.0
305 -8.0
306 -33.0
307 -29.0
308 29.0
309 49.0
310 -6.0
311 -31.0
312 -7.0
313 -5.0
314 -26.0
315 -38.0
316 17.0
317 39.0
318 35.0
319 35.0
320 -43.0
321 -8.0
322 -43.0
323 -32.0
324 45.0
325 -22.0
326 -7.0
327 5.0
328 -22.0
329 -45.0
330 -35.0
331 26.0
332 -32.0
333 9.0
334 49.0
335 4.0
336 -40.0
337 36.0
338 -7.0
339 2.0
340 33.0
341 -27.0
342 4.0
343 20.0
344 7.0
345 -42.0
346 2.0
347 35.0
348 39.0
349 -12.0
350 -15.0
351 -35.0
352 33.0
353 43.0
354 -40.0
355 32.0
356 15.0
357 33.0
358 -40.0
359 25.0
360 -11.0
361 22.0
362 -32.0
363 45.0
364 -6.0
365 42.0
366 1.0
367 -41.0
368 -42.0
369 32.0
370 1.0
371 -45.0
372 12.0
373 -31.0
374 -13.0
375 27.0
376 -6.0
377 -28.0
378 -26.0
379 17.0
380 14.0
381 44.0
382 -3.0
383 -36.0
384 -36.0
385 -45.0
386 -1.0
387 -10.0
388 45.0
389 6.0
390 48.0
391 -27.0
392 -38.0
393 16.0
394 -32.0
395 8.0
396 25.0
397 27.0
398 34.0
399 21.0
400 23.0
401 -44.0
402 -32.0
403 0.0
404 39.0
405 47.0
406 45.0
407 -34.0
408 26.0
409 -20.0
410 27.0
411 43.0
412 15.0
413 -8.0
414 14.0
415 9.0
416 45.0
417 -42.0
418 -15.0
419 43.0
420 -17.0
421 31.0
422 39.0
423 17.0
424 -33.0
425 40.0
426 -27.0
427 -44.0
428 6.0
429 35.0
430 -34.0
431 -28.0
432 2.0
433 -23.0
434 -33.0
435 47.0
436 25.0
437 23.0
438 28.0
439 5.0
440 46.0
441 -42.0
442 42.0
443 -6.0
444 -14.0
445 31.0
446 14.0
447 44.0
448 28.0
449 -34.0
450 -10.0
451 6.0
452 28.0
453 -42.0
454 39.0
455 -27.0
456 44.0
457 38.0
458 -9.0
459 -40.0
460 40.0
461 11.0
462 28.0
463 13.0
464 0.0
465 6.0
466 36.0
467 -23.0
468 43.0
469 -33.0
470 6.0
471 -40.0
472 -34.0
473 42.0
474 -39.0
475 39.0
476 -34.0
477 9.0
478 -28.0
479 13.0
480 18.0
481 50.0
482 -42.0
483 49.0
484 -3.0
485 19.0
486 23.0
487 8.0
488 42.0
489 -45.0
490 -34.0
491 -34.0
492 40.0
493 26.0
494 4.0
495 23.0
496 -40.0
497 -45.0
498 24.0
499 -10.0
# Kanten
78 426
78 287
13 10
295 36
113 176
177 473
380 448
246 303
218 425
199 132
154 322
159 29
458 357
419 21
484 418
169 55
207 413
273 193
227 127
336 458
108 264
31 305
451 76
100 164
154 416
327 123
33 291
84 248
73 211
143 287
354 244
208 354
136 54
372 171
193 350
451 449
425 72
299 108
477 106
425 291
409 372
411 474
164 7
490 60
70 315
245 75
226 378
161 139
428 472
87 153
148 56
239 204
399 356
405 496
409 335
281 196
480 302
155 141
141 117
393 377
28 159
61 105
220 241
354 487
208 291
42 83
39 395
363 156
87 299
294 365
144 109
61 361
83 409
175 164
461 313
374 187
320 355
71 289
438 100
246 15
355 28
345 132
152 102
53 45
372 245
88 305
414 83
291 233
29 57
303 238
267 135
75 141
37 246
44 87
81 231
129 72
42 161
52 22
480 486
404 275
395 466
128 219
394 189
260 299
83 270
319 180
105 96
9 200
332 68
158 150
496 26
359 481
196 296
203 127
393 101
344 22
284 199
435 166
400 208
393 16
336 305
255 122
163 359
21 256
380 21
79 411
469 118
160 65
38 269
54 140
399 114
365 197
494 71
47 291
122 427
176 308
137 41
56 120
270 328
285 241
382 430
149 494
124 218
284 383
276 75
5 176
146 470
327 486
238 174
418 126
189 250
199 139
89 90
416 314
198 220
311 323
294 82
198 339
30 119
155 36
409 138
13 169
456 423
386 271
215 225
250 91
340 322
381 440
321 457
480 231
286 62
438 369
363 229
268 42
163 388
189 288
498 310
176 473
296 276
334 209
454 439
161 153
216 134
241 112
20 73
341 252
87 462
105 57
361 479
121 282
334 137
438 443
322 372
79 29
268 138
492 191
202 156
250 474
140 222
97 96
363 335
305 110
60 305
318 261
50 441
196 128
336 94
323 308
186 299
255 129
117 435
46 79
36 181
368 28
70 166
132 298
318 297
166 458
2 249
448 326
247 115
416 1
28 192
22 393
221 227
218 221
30 402
53 271
20 477
245 448
338 359
94 362
108 177
126 3
385 341
431 404
299 159
423 474
251 282
121 244
48 489
434 337
31 15
98 100
9 204
396 450
186 236
367 438
250 154
411 104
124 362
267 346
304 467
36 174
412 420
498 342
43 344
82 128
90 171
363 438
348 182
17 137
259 314
95 140
15 69
156 240
471 178
360 9
327 416
364 279
367 207
373 212
290 135
45 201
402 393
440 160
252 467
115 152
326 126
236 189
480 244
355 196
142 218
498 437
48 63
134 306
306 94
230 209
401 18
144 321
294 272
446 117
229 282
450 86
404 250
197 210
221 68
112 136
377 335
8 254
435 172
320 29
229 497
100 380
477 21
44 292
290 193
85 122
24 279
100 68
41 372
277 293
394 52
181 263
198 156
379 76
173 347
227 21
75 142
452 464
293 276
40 380
404 470
30 277
430 274
39 23
478 358
112 221
35 351
215 420
67 287
99 164
392 80
305 129
455 494
53 326
73 302
70 204
247 424
280 8
185 434
154 26
357 38
59 10
92 315
469 228
13 30
414 480
209 18
142 281
11 289
189 329
257 437
475 189
31 111
360 7
14 85
3 357
351 18
338 68
461 70
376 117
433 427
90 143
421 127
198 485
250 230
404 229
1 171
9 273
68 322
282 357
358 133
19 449
37 100
120 0
59 437
472 101
17 288
419 201
342 257
375 258
476 27
303 478
410 349
296 239
234 355
117 70
67 107
273 205
249 397
102 337
444 320
95 393
486 131
201 381
452 195
129 354
478 421
70 202
136 148
5 8
194 354
247 155
478 109
461 452
75 39
197 242
20 48
253 296
362 372
443 323
111 437
177 160
312 365
250 48
467 407
153 50
364 78
216 81
57 494
208 315
16 495
78 349
354 23
253 248
180 220
227 62
444 434
493 361
446 314
471 357
104 164
354 485
4 36
244 468
3 199
393 304
229 288
64 135
135 349
150 272
60 240
428 396
149 453
475 145
79 397
163 187
301 183
45 357
13 223
277 362
19 376
450 208
273 163
77 253
174 24
332 129
181 119
372 7
363 299
392 168
400 241
244 211
187 237
332 409
316 324
285 121
414 258
446 283
0 290
295 171
185 130
250 83
480 473
366 468
369 94
77 89
120 330
112 496
297 445
316 391
93 421
415 226
404 316
13 93
484 271
36 13
488 290
262 98
148 382
166 203
84 233
460 305
244 113
349 225
39 435
270 17
351 21
263 45
380 174
115 134
390 437
410 254
384 173
483 409
170 319
476 488
339 460
75 448
300 1
499 184
224 44
51 365
409 29
106 428
84 173
109 209
168 491
241 293
433 26
322 487
484 486
100 296
16 154
303 30
58 437
167 175
116 196
480 316
381 288
488 255
316 215
86 6
314 173
138 141
160 155
367 447
58 447
207 72
213 295
97 201
39 122
139 8
176 164
183 434
191 280
371 410
271 0
492 408
299 401
491 354
81 241
361 490
86 41
213 432
460 478
15 173
100 345
224 24
470 181
191 243
263 318
442 158
9 4
89 424
293 366
394 314
442 499
385 336
100 25
274 64
83 84
181 302
133 89
297 410
429 448
133 124
41 334
327 377
459 243
361 488
411 375
380 212
56 383
275 133
116 7
453 469
309 193
207 104
246 488
484 398
281 131
89 456
382 416
294 189
111 396
318 467
253 123
324 320
372 311
426 422
135 482
455 459
394 157
263 292
263 32
206 264
122 438
466 280
124 467
484 62
254 453
25 418
332 391
4 187
364 245
455 206
335 68
391 120
230 296
280 237
456 95
333 365
380 47
160 294
92 280
481 6
349 100
308 295
446 115
108 440
145 75
306 185
381 231
14 122
273 469
476 44
45 370
409 332
47 101
360 396
255 268
240 79
346 66
247 13
40 47
1 483
356 234
177 184
118 60
252 176
275 470
328 172
3 204
82 110
215 283
10 410
367 460
358 149
103 10
214 184
42 363
419 69
40 121
259 26
140 299
136 306
392 361
335 313
480 335
406 454
76 246
345 318
98 243
338 394
271 366
104 45
97 322
469 457
36 142
298 159
493 471
142 349
344 443
21 319
345 313
80 432
386 378
126 338
63 156
93 40
137 336
69 295
63 73
204 255
18 435
67 228
400 330
351 184
147 19
204 239
451 80
242 388
233 70
101 309
165 286
174 355
251 57
249 349
315 312
489 377
361 304
337 138
287 468
454 131
185 280
60 461
137 15
74 184
345 268
186 414
6 453
64 205
259 403
180 267
367 127
89 348
465 155
459 120
345 471
479 53
331 310
422 371
416 12
427 118
422 446
157 136
225 192
92 424
443 301
327 70
331 404
486 232
490 478
408 280
294 475
40 67
492 198
35 109
139 159
377 241
189 3
58 436
302 311
415 362
87 436
377 117
124 463
448 112
37 359
271 314
113 340
247 419
348 166
45 94
8 49
145 121
490 492
85 150
154 23
481 402
230 113
272 119
230 401
111 114
461 121
352 233
387 200
118 129
264 405
347 99
361 49
14 134
496 463
418 1
300 154
302 165
205 403
95 409
344 161
139 60
215 205
403 438
108 5
427 187
236 296
53 17
446 375
331 124
100 59
149 334
205 310
222 275
295 466
450 475
35 428
100 47
435 57
428 450
407 319
356 83
443 349
455 357
188 252
46 402
485 185
390 77
436 407
221 360
381 463
353 85
278 0
358 407
316 476
75 407
93 408
112 315
394 71
61 254
114 483
206 321
396 107
129 314
6 404
40 248
331 212
304 234
190 187
341 475
383 494
13 33
345 158
39 345
316 95
131 226
162 184
423 165
297 88
411 213
298 341
53 306
36 428
287 432
26 145
382 21
75 304
88 478
252 496
276 410
302 248
69 111
173 247
176 26
211 16
190 329
337 302
470 372
413 52
198 377
487 269
71 387
465 25
365 472
309 163
333 177
360 322
67 399
401 413
243 428
150 244
139 340
55 148
61 248
437 422
185 354
109 339
138 118
308 206
393 332
117 210
13 392
93 465
461 435
238 161
267 434
187 283
379 272
59 86
200 47
305 337
76 35
371 143
373 494
457 89
398 67
487 429
256 229
93 94
71 450
216 356
224 77
150 73
12 274
294 100
357 44
4 257
451 175
125 13
170 298
216 80
326 230
336 264
299 137
14 480
202 262
273 333
387 126
390 483
360 113
183 487
70 325
47 303
303 420
133 362
252 52
484 278
335 304
256 132
476 264