# Anzahl der Knoten
750
# Knoten mit Gewichten
0 45.0
1 -23.0
2 -9.0
3 -18.0
4 47.0
5 48.0
6 -23.0
7 -18.0
8 47.0
9 32.0
10 4.0
11 25.0
12 -30.0
13 -55.0
14 -24.0
15 -26.0
16 23.0
17 -39.0
18 14.0
19 -6.0
20 23.0
21 52.0
22 -23.0
23 47.0
24 -39.0
25 -37.0
26 -46.0
27 39.0
28 -54.0
29 56.0
30 -25.0
31 -54.0
32 -5.0
33 17.0
34 53.0
35 -32.0
36 -33.0
37 43.0
38 17.0
39 -33.0
40 -34.0
41 6.0
42 0.0
43 47.0
44 10.0
45 -30.0
46 35.0
47 46.0
48 -27.0
49 -12.0
50 -22.0
51 46.0
52 -41.0
53 -6.0
54 -5.0
55 37.0
56 -10.0
57 39.0
58 -31.0
59 -51.0
60 32.0
61 -45.0
62 37.0
63 -32.0
64 28.0
65 27.0
66 -11.0
67 -15.0
68 -38.0
69 56.0
70 0.0
71 -13.0
72 3.0
73 48.0
74 -11.0
75 -34.0
76 36.0
77 20.0
78 27.0
79 -4.0
80 23.0
81 -28.0
82 36.0
83 -27.0
84 -20.0
85 -36.0
86 0.0
87 18.0
88 -11.0
89 -36.0
90 5.0
91 55.0
92 24.0
93 31.0
94 52.0
95 23.0
96 -52.0
97 -17.0
98 11.0
99 1.0
100 -26.0
101 -8.0
102 57.0
103 7.0
104 -7.0
105 22.0
106 45.0
107 -23.0
108 0.0
109 -48.0
110 47.0
111 23.0
112 -53.0
113 -26.0
114 27.0
115 -21.0
116 -42.0
117 21.0
118 8.0
119 31.0
120 29.0
121 6.0
122 28.0
123 6.0
124 -46.0
125 -24.0
126 -36.0
127 4.0
128 19.0
129 26.0
130 -10.0
131 47.0
132 35.0
133 -48.0
134 -35.0
135 -29.0
136 9.0
137 16.0
138 30.0
139 -7.0
140 7.0
141 -4.0
142 60.0
143 12.0
144 -17.0
145 -13.0
146 41.0
147 44.0
148 23.0
149 13.0
150 -45.0
151 -20.0
152 6.0
153 -41.0
154 -33.0
155 -23.0
156 -5.0
157 34.0
158 -7.0
159 -37.0
160 -10.0
161 58.0
162 60.0
163 -9.0
164 -33.0
165 2.0
166 4.0
167 30.0
168 -51.0
169 2.0
170 50.0
171 -6.0
172 16.0
173 58.0
174 -38.0
175 2.0
176 -33.0
177 -3.0
178 8.0
179 38.0
180 49.0
181 -8.0
182 4.0
183 -24.0
184 56.0
185 -36.0
186 -6.0
187 -15.0
188 -50.0
189 5.0
190 54.0
191 47.0
192 -44.0
193 -16.0
194 -49.0
195 -54.0
196 40.0
197 -4.0
198 -22.0
199 29.0
200 -53.0
201 0.0
202 -3.0
203 27.0
204 -41.0
205 -52.0
206 -19.0
207 18.0
208 25.0
209 -6.0
210 49.0
211 -36.0
212 -5.0
213 -30.0
214 -48.0
215 3.0
216 20.0
217 41.0
218 13.0
219 -7.0
220 56.0
221 1.0
222 53.0
223 -23.0
224 17.0
225 41.0
226 0.0
227 -28.0
228 -30.0
229 -8.0
230 31.0
231 -33.0
232 23.0
233 -33.0
234 17.0
235 28.0
236 29.0
237 24.0
238 45.0
239 0.0
240 51.0
241 -48.0
242 12.0
243 60.0
244 -31.0
245 43.0
246 -9.0
247 19.0
248 -23.0
249 -30.0
250 -5.0
251 -26.0
252 0.0
253 -14.0
254 56.0
255 32.0
256 -18.0
257 -52.0
258 30.0
259 20.0
260 23.0
261 8.0
262 -1.0
263 57.0
264 24.0
265 -27.0
266 -28.0
267 -50.0
268 49.0
269 -28.0
270 -47.0
271 47.0
272 5.0
273 -39.0
274 52.0
275 51.0
276 56.0
277 39.0
278 13.0
279 21.0
280 -53.0
281 -8.0
282 50.0
283 -33.0
284 -34.0
285 8.0
286 0.0
287 -47.0
288 10.0
289 48.0
290 3.0
291 -1.0
292 37.0
293 31.0
294 -3.0
295 -37.0
296 26.0
297 -36.0
298 -20.0
299 41.0
300 39.0
301 22.0
302 -45.0
303 0.0
304 13.0
305 -13.0
306 51.0
307 -36.0
308 19.0
309 43.0
310 -50.0
311 -13.0
312 15.0
313 49.0
314 -48.0
315 25.0
316 -6.0
317 -41.0
318 -16.0
319 -21.0
320 29.0
321 47.0
322 9.0
323 53.0
324 -5.0
325 -48.0
326 10.0
327 -24.0
328 1.0
329 -2.0
330 55.0
331 -24.0
332 60.0
333 -35.0
334 -3.0
335 -22.0
336 -19.0
337 52.0
338 -41.0
339 -53.0
340 -1.0
341 -11.0
342 18.0
343 -7.0
344 28.0
345 -33.0
346 -42.0
347 32.0
348 -19.0
349 48.0
350 34.0
351 43.0
352 -25.0
353 48.0
354 41.0
355 -11.0
356 -34.0
357 -19.0
358 -42.0
359 13.0
360 -30.0
361 -47.0
362 -2.0
363 -36.0
364 -37.0
365 21.0
366 -44.0
367 -43.0
368 -15.0
369 55.0
370 -19.0
371 46.0
372 54.0
373 -50.0
374 -52.0
375 -25.0
376 -42.0
377 24.0
378 -9.0
379 -5.0
380 26.0
381 41.0
382 52.0
383 -3.0
384 9.0
385 35.0
386 -9.0
387 31.0
388 -7.0
389 57.0
390 33.0
391 29.0
392 24.0
393 47.0
394 32.0
395 49.0
396 -20.0
397 -30.0
398 43.0
399 -45.0
400 47.0
401 60.0
402 49.0
403 -34.0
404 -18.0
405 27.0
406 -11.0
407 -36.0
408 -50.0
409 34.0
410 53.0
411 51.0
412 33.0
413 24.0
414 39.0
415 -36.0
416 -45.0
417 -17.0
418 55.0
419 0.0
420 -20.0
421 28.0
422 6.0
423 -35.0
424 15.0
425 -22.0
426 47.0
427 50.0
428 -29.0
429 -36.0
430 52.0
431 30.0
432 13.0
433 15.0
434 47.0
435 58.0
436 -37.0
437 -14.0
438 21.0
439 36.0
440 31.0
441 36.0
442 -18.0
443 51.0
444 -9.0
445 -21.0
446 -17.0
447 49.0
448 -25.0
449 42.0
450 -11.0
451 24.0
452 32.0
453 54.0
454 -9.0
455 24.0
456 -25.0
457 13.0
458 9.0
459 27.0
460 -3.0
461 59.0
462 -3.0
463 -18.0
464 -30.0
465 -24.0
466 54.0
467 44.0
468 27.0
469 37.0
470 36.0
471 -48.0
472 5.0
473 -55.0
474 -16.0
475 36.0
476 -25.0
477 -16.0
478 40.0
479 -17.0
480 15.0
481 59.0
482 -40.0
483 -54.0
484 51.0
485 -25.0
486 -34.0
487 47.0
488 -3.0
489 -53.0
490 15.0
491 53.0
492 -23.0
493 47.0
494 -8.0
495 0.0
496 -1.0
497 51.0
498 48.0
499 -52.0
500 12.0
501 50.0
502 6.0
503 -24.0
504 -35.0
505 23.0
506 -11.0
507 -11.0
508 -19.0
509 -47.0
510 53.0
511 -49.0
512 -50.0
513 55.0
514 -14.0
515 23.0
516 31.0
517 -1.0
518 -40.0
519 -31.0
520 57.0
521 38.0
522 5.0
523 -24.0
524 40.0
525 -20.0
526 23.0
527 24.0
528 14.0
529 -4.0
530 -33.0
531 31.0
532 10.0
533 -9.0
534 10.0
535 -53.0
536 2.0
537 1.0
538 6.0
539 -29.0
540 30.0
541 8.0
542 -24.0
543 -8.0
544 -40.0
545 -16.0
546 -15.0
547 2.0
548 0.0
549 -49.0
550 45.0
551 -5.0
552 17.0
553 -39.0
554 -9.0
555 55.0
556 44.0
557 42.0
558 -50.0
559 -31.0
560 45.0
561 -33.0
562 52.0
563 -15.0
564 -29.0
565 15.0
566 53.0
567 30.0
568 -20.0
569 -45.0
570 54.0
571 -18.0
572 5.0
573 -4.0
574 39.0
575 15.0
576 46.0
577 -29.0
578 57.0
579 -16.0
580 9.0
581 29.0
582 45.0
583 -35.0
584 35.0
585 16.0
586 -52.0
587 43.0
588 -53.0
589 -18.0
590 23.0
591 -32.0
592 8.0
593 -4.0
594 -17.0
595 -23.0
596 1.0
597 -46.0
598 19.0
599 -36.0
600 -1.0
601 9.0
602 -1.0
603 41.0
604 -10.0
605 -31.0
606 -9.0
607 -33.0
608 -21.0
609 -40.0
610 40.0
611 25.0
612 -30.0
613 -10.0
614 -49.0
615 38.0
616 34.0
617 39.0
618 38.0
619 -12.0
620 -35.0
621 -26.0
622 20.0
623 -48.0
624 -6.0
625 0.0
626 -25.0
627 4.0
628 51.0
629 12.0
630 60.0
631 50.0
632 -16.0
633 -1.0
634 -45.0
635 -3.0
636 41.0
637 -1.0
638 40.0
639 -55.0
640 -4.0
641 -48.0
642 -43.0
643 -48.0
644 59.0
645 23.0
646 28.0
647 -42.0
648 55.0
649 34.0
650 31.0
651 -55.0
652 57.0
653 -13.0
654 -9.0
655 -46.0
656 -17.0
657 57.0
658 -22.0
659 -39.0
660 -6.0
661 8.0
662 -28.0
663 -8.0
664 -22.0
665 37.0
666 -9.0
667 57.0
668 19.0
669 5.0
670 -31.0
671 -27.0
672 47.0
673 49.0
674 15.0
675 13.0
676 17.0
677 46.0
678 -52.0
679 -33.0
680 28.0
681 -3.0
682 12.0
683 42.0
684 -25.0
685 14.0
686 34.0
687 45.0
688 11.0
689 -44.0
690 -54.0
691 41.0
692 21.0
693 -32.0
694 58.0
695 45.0
696 26.0
697 8.0
698 -37.0
699 30.0
700 -17.0
701 -7.0
702 -44.0
703 50.0
704 -30.0
705 8.0
706 43.0
707 58.0
708 -37.0
709 -51.0
710 -45.0
711 50.0
712 -1.0
713 -19.0
714 13.0
715 4.0
716 -25.0
717 9.0
718 1.0
719 -14.0
720 -1.0
721 58.0
722 32.0
723 40.0
724 -52.0
725 -12.0
726 36.0
727 -11.0
728 58.0
729 -46.0
730 -25.0
731 -29.0
732 26.0
733 -9.0
734 -9.0
735 -15.0
736 5.0
737 -14.0
738 -7.0
739 0.0
740 -11.0
741 42.0
742 -19.0
743 -50.0
744 16.0
745 28.0
746 -27.0
747 -25.0
748 45.0
749 -42.0
# Kanten
667 43
635 370
741 642
412 467
421 672
365 155
713 734
492 648
200 396
723 509
612 535
395 138
66 682
231 578
473 565
57 31
427 332
141 244
394 73
648 614
60 672
35 726
139 166
179 569
195 0
608 0
77 426
134 214
748 158
68 692
559 609
165 109
71 227
681 574
260 593
572 156
652 275
312 400
742 417
622 747
323 368
21 420
15 169
165 522
616 436
558 581
501 301
732 125
628 392
495 220
521 556
511 75
120 402
520 576
467 97
112 23
77 709
344 736
52 124
666 596
677 118
410 655
285 322
590 530
344 263
702 453
714 259
315 472
125 283
483 387
359 509
732 281
207 685
463 596
669 239
700 67
477 275
454 500
285 295
630 662
451 299
611 281
531 337
400 277
296 403
595 680
354 62
628 508
177 519
349 95
716 158
300 167
11 576
7 208
226 699
289 655
434 485
446 193
748 654
10 256
531 308
251 500
486 89
527 23
12 243
11 65
412 142
117 442
67 158
504 30
456 724
260 743
285 561
642 323
46 659
163 521
716 515
41 93
145 297
680 492
649 572
544 51
367 97
326 74
379 220
135 488
439 127
353 278
728 308
296 93
156 478
425 252
725 600
659 722
605 603
633 631
68 587
26 279
21 603
165 487
438 679
193 15
494 147
422 622
690 300
449 355
251 628
225 226
414 412
303 527
13 226
549 289
213 337
213 210
705 612
416 546
238 50
455 31
576 339
598 578
404 350
285 391
585 747
716 284
147 540
560 686
366 382
61 112
304 665
22 268
101 269
174 141
508 67
106 669
513 240
358 670
324 312
470 504
534 684
665 656
38 399
697 521
534 372
687 613
525 669
546 60
28 56
76 247
234 255
742 493
695 703
670 597
600 545
45 638
328 394
616 347
654 376
193 374
521 174
417 104
66 6
325 676
160 150
108 439
348 415
709 587
458 545
119 104
444 702
281 28
63 220
176 481
350 666
188 749
436 390
626 280
587 54
78 191
37 599
15 389
325 102
424 412
450 704
332 533
32 477
360 553
744 433
261 264
184 472
714 170
489 275
195 401
35 270
682 71
572 626
102 105
375 415
338 214
727 25
213 562
743 15
607 323
709 424
104 502
500 538
286 37
10 516
587 523
39 616
229 324
297 78
255 387
408 475
28 172
413 226
729 179
530 76
345 668
416 30
190 547
77 95
345 57
502 167
21 625
252 291
722 366
328 458
637 693
373 197
496 162
516 702
693 744
745 141
272 649
193 173
357 601
501 436
475 328
233 692
333 675
598 556
572 351
204 429
703 238
208 697
194 45
472 487
409 196
580 196
33 471
469 486
484 735
290 358
475 418
445 428
635 280
700 695
423 360
551 24
525 641
65 186
500 127
225 272
280 39
376 322
467 380
332 190
31 81
251 202
70 393
181 405
84 414
688 497
276 459
361 704
166 52
85 382
468 184
682 622
1 144
281 536
324 31
182 216
699 356
662 527
360 485
602 24
647 312
674 544
112 697
231 337
535 522
216 278
584 205
546 527
62 431
661 199
532 46
346 333
71 91
283 722
232 442
28 578
122 574
295 193
359 538
163 126
50 113
51 354
510 395
697 116
15 453
367 162
216 281
215 2
453 218
399 449
123 410
109 284
566 690
387 288
569 695
260 505
745 505
262 150
584 374
613 659
493 42
489 566
159 522
89 58
36 683
494 107
275 516
637 233
382 138
40 214
277 544
212 514
663 14
699 228
94 547
109 585
153 166
421 42
610 539
598 743
517 314
323 139
519 640
234 404
500 572
116 436
390 249
611 328
657 698
505 161
735 214
137 212
698 340
188 548
708 318
281 724
638 7
380 510
666 74
681 240
163 171
194 83
67 601
422 286
644 270
22 309
382 676
537 15
641 462
658 743
39 293
492 505
740 237
159 711
170 343
341 501
442 500
359 168
71 408
443 648
350 4
613 272
354 685
501 111
94 711
148 652
599 78
491 54
688 80
357 273
199 655
736 658
667 637
395 137
398 429
592 48
531 527
630 729
167 188
304 542
659 384
714 232
617 75
158 188
678 444
728 449
582 718
718 519
267 329
644 281
686 602
710 511
307 262
657 96
193 618
147 184
287 375
412 520
676 563
456 156
146 87
208 50
324 686
512 106
676 352
630 130
556 386
688 469
518 265
285 294
323 621
564 380
203 127
287 57
360 356
256 342
181 63
254 181
610 182
730 58
199 368
666 471
19 381
55 11
304 574
88 508
227 90
231 683
387 428
396 166
262 254
74 544
61 434
586 258
586 142
643 549
535 632
747 193
742 368
627 113
330 406
681 341
624 167
704 702
227 437
455 685
66 363
20 534
310 674
26 450
663 46
400 471
6 500
645 622
234 677
571 734
374 568
738 167
684 638
33 157
347 251
601 111
630 207
666 119
683 578
184 511
667 368
617 275
616 416
258 206
436 467
530 354
258 99
613 424
424 338
519 722
363 551
249 285
562 235
100 559
222 407
402 597
58 199
608 298
60 410
355 637
459 708
18 39
14 556
650 504
145 382
736 264
464 578
376 738
266 364
469 324
448 38
63 93
532 12
743 569
740 665
602 50
19 348
429 259
415 219
426 173
509 45
512 328
2 252
84 309
613 607
216 602
168 34
696 159
86 154
36 427
376 389
675 154
521 637
286 330
632 39
356 498
389 111
561 109
76 310
508 669
284 412
702 612
292 495
216 704
670 594
436 95
265 427
174 72
499 325
105 671
729 50
397 744
722 250
654 106
156 492
695 181
255 27
613 132
502 466
679 61
475 648
467 301
590 109
69 355
372 226
384 419
178 560
147 47
5 696
497 294
163 700
76 28
565 546
531 481
298 708
489 473
734 718
85 82
253 713
449 620
28 450
629 255
115 536
570 468
244 283
582 739
690 588
148 335
27 685
614 431
714 183
637 535
65 35
499 715
45 733
525 234
725 511
96 382
387 716
253 710
311 141
586 462
531 490
316 120
553 703
719 120
412 602
537 38
541 698
425 517
741 379
359 630
245 720
512 529
717 732
651 96
337 286
743 78
137 492
86 54
64 209
459 133
461 321
454 662
117 355
293 331
737 310
169 687
449 217
356 698
576 718
556 645
263 548
468 137
638 93
334 685
559 647
415 353
414 734
472 440
489 269
576 5
665 648
739 422
475 495
346 414
60 506
412 496
130 572
487 305
611 273
537 3
100 40
454 700
213 629
363 618
738 18
279 2
240 477
23 379
200 227
747 662
19 430
484 386
704 695
577 499
563 83
543 30
381 620
19 46
236 66
164 262
578 550
63 143
2 433
106 291
375 677
572 414
25 402
419 68
316 254
415 400
146 214
557 55
555 298
379 224
301 289
188 261
136 7
666 341
131 730
279 703
331 146
218 242
486 242
393 310
701 162
37 104
625 538
585 171
517 710
41 597
638 706
251 357
302 8
123 86
196 232
428 219
728 238
12 92
294 683
102 586
45 143
679 423
208 372
652 712
368 391
678 586
732 603
75 474
443 42
723 526
330 210
716 261
533 582
724 591
457 371
94 521
733 428
93 417
722 406
361 434
604 348
660 59
405 230
513 404
483 98
129 315
539 541
134 562
379 97
56 329
125 590
208 536
406 539
171 62
349 508
56 622
83 128
250 83
327 406
159 218
278 213
717 570
463 277
432 723
475 746
368 134
46 13
329 637
208 503
719 583
191 645
697 640
540 304
441 492
345 661
188 602
9 175
3 88
80 645
226 680
209 443
482 10
323 473
384 463
519 623
22 368
133 20
3 241
521 739
601 250
353 164
549 95
256 566
739 653
501 209
659 180
225 715
366 467
463 210
631 682
437 260
741 92
501 130
289 438
572 304
81 88
400 440
22 50
135 743
66 744
231 746
148 339
691 543
432 674
310 103
391 562
82 265
267 309
687 440
397 663
192 625
354 667
176 688
718 649
19 50
305 325
355 386
728 69
721 734
36 302
324 154
8 221
309 494
366 340
6 568
482 112
365 369
626 385
683 35
4 446
265 640
471 272
328 184
440 400
455 67
716 223
606 60
392 109
461 380
18 705
306 470
741 614
614 496
496 103
314 478
310 519
183 442
490 231
746 319
138 444
247 362
131 254
376 371
13 258
384 95
150 355
641 315
434 62
683 224
524 95
99 138
415 604
619 371
502 10
53 144
256 628
207 15
710 429
170 348
152 50
374 318
579 240
634 375
652 202
298 22
685 155
419 579
68 480
159 404
58 438
315 618
237 494
719 361
254 16
448 572
635 414
534 37
70 261
295 329
509 341
442 407
358 7
492 236
671 259
603 273
367 717
702 429
138 151
363 58
475 695
271 335
350 412
670 13
81 16
717 302
668 637
297 665
641 341
724 471
99 153
507 501
603 90
537 332
7 40
477 291
585 666
536 299
712 424
338 15
448 70
384 3
616 598
120 126
539 563
590 502
590 706
201 101
101 212
227 259
509 467
131 731
653 309
563 21
464 408
583 316
523 451
182 569
639 528
335 73
254 527
416 736
163 80
461 144
372 237
569 534
47 288
170 629
496 452
6 479
180 658
185 251
744 657
298 526
600 599
652 670
149 71
166 708
625 697
321 708
607 3
443 420
641 705
387 204
39 408
639 276
193 64
446 178
553 630
324 575
354 333
252 746
281 464
709 106
600 633
65 647
208 310
617 40
88 24
100 469
454 685
587 421
646 334
117 674
703 22
137 48
551 727
637 706
715 742
539 28
198 67
473 678
746 651
727 630
109 228
541 510
615 65
513 41
241 396
207 505
537 118
697 162
469 47
93 249
274 373
420 104
745 154
375 90
590 442
728 455
453 290
294 594
375 301
312 572
61 5
18 107
240 717
574 444
698 374
279 25
45 377
552 166
220 297
85 745
239 237
38 352
406 471
669 539
85 542
374 417
70 205
616 145
617 98
655 474
361 474
447 150
92 39
18 134
351 211
450 507
460 270
431 419
264 167
250 507
351 411
37 127
521 422
278 375
92 682
604 453
123 548
293 720
348 18
197 210
373 638
514 507
335 648
498 387
541 721
601 15
434 673
3 354
149 406
29 19
191 314
129 628
116 141
195 265
101 665
81 228
542 517
696 593
601 653
82 320
4 578
676 636
396 464
272 582
675 415
537 479
345 177
537 361
226 57
224 582
469 187
674 590
64 674
412 257
600 188
397 96
122 129
111 590
451 577
599 395
576 232
381 427
321 165
122 100
325 333
613 631
15 465
21 526
667 367
225 243
290 584
394 730
671 99
253 96
454 465
88 459
564 145
83 429
738 43
567 104
38 71
539 569
349 22
17 638
546 164
102 297
484 561
391 512
377 732
361 286
592 255
138 737
587 483
383 571
636 718
539 215
192 145
90 76
236 20
581 71
652 155
747 42
364 209
465 603
488 244
370 80
407 644
458 593
347 351
161 351
373 253
22 428
671 435
33 491
564 46
177 89
189 191
253 636
17 67
271 245
683 413
144 524
111 57
53 422
281 626
474 520
179 103
595 215
309 343
596 371
301 310
600 501
79 446
392 634
331 23
28 513
220 54
225 166
486 25
219 487
296 211
344 24
668 147
365 3
176 300
385 504
306 432
455 237
248 281
383 361
150 412
228 561
535 225
334 538
216 735
104 112
106 245
167 742
596 138
713 444
113 542
4 111
325 649
356 574
375 651
639 69
333 689
429 629
571 524
404 102
53 52
344 743
107 697
554 555
263 217
637 612
182 259
448 414
670 666
265 69
359 250
466 462
680 182
517 303
523 73
12 19
675 676
689 118
449 22
78 40
413 221
393 377
713 239
105 83
76 519
189 430
602 66
599 260
343 683
420 23
575 749
160 449
322 500
419 347
285 470
651 740
108 322
50 692
239 735
113 201
97 172
695 414
278 607
253 313
75 48
578 272
661 722
50 736
162 345
355 119
257 60
472 381
294 385
5 357
45 316
735 618
189 498
225 639
18 237
502 383
312 652
418 687
310 436
657 98
382 188
7 554
93 188
523 667
183 239
709 533
714 368
663 223
642 203
625 703
699 100
616 613
203 578
40 344
226 75
464 610
481 658
148 290
517 334
499 313
318 90
719 271
686 715
431 534
743 735
555 631
259 183
32 570
124 550
171 184
570 391
304 353
106 464
295 75
705 693
263 360
710 691
625 362
698 375
60 706
443 555
402 10
340 466
252 529
279 701
173 456
485 92
21 206
596 144
338 296
479 84
706 269
719 206
673 468
545 527
686 456
64 599
538 720
30 395
575 120
684 693
715 699
312 295
593 225
277 565
327 59
676 597
628 125
729 81
115 8
129 548
365 643
494 631
517 417
596 382
281 633
132 56
668 728